1092016168982539
5212978918499815
2127903020848247
8615634204181826
8327959417825490
7378995956317689
5995741469188341
8910092650033029
4759149902522416
3267128076011056
0706782047956818
0329811534954288
3730824165161815
9261493073309652
7681818718160654
1123163340114079
4231046201089675
6192411270940384
5511566695293085
4549968438550384
0604519258752665
4931115112664174
3631838573022211
9307816330165085
0347259978442642
6389900609384945
0838685306572922
6359569832883969
7589367535881426
1392595115474127
1779987405823282
7957414883928583
3824561544343642
0959522781688365
2442653163784042
2898589032986062
8307145938603491
2011319324509451
0493940340828194
7203631226513739
6192570363324986
3943314562899178
6195799519386758
8078484188520650
5996513734266726
8942643762156116
2835878443084922
4503154969193803
7705039931796040
9242598472384199
0377966012787690
6725066086386713
0945278618044085
5805278852963394
3739720435011452
2895557666983260
0594532195827989
5831646823494228
8696203991572423
1682285554992701
5985324577986195
6969066976919776
7510180096234263
4820104644752875
8643646060297823
6010635857587313
9894781695030929
9814641557232863
1438553227782511
1963412371616814
1023502636017630
3677207643394643
0796252677643608
5240343660981039
5512260880539671
4641327675758340
8391698250665396
6679774832967472
7130887441136494
9931110486369624
9850936271082551
4028955800617438
7946690117881235
1839552186319146
3482937828185573
4791916694504699
8564021698671168
4795302249907552
8160131031211149
8575533671077335
8321443396974567
9405864964897079
7298390855754454
4490696031571270
0223075132343958
6077634361379903
1044623407726475
9419270594276912
0330561509184620
1116913046856590
1598129155582920
5979008967004473
2784100490078421
6737254544362999
5459404321770033
6812980712174687
8605380317826285
9753242624803845
7796160040456670
3940571253648684
6478416306500933
9985429748844827
7455173216487256
8127595841734064
0798267536309488
5604228029078124
5261190776339725
6625465240051661
8952162152364005
6154619265305514
0522744191735804
8667620930806890
7732665372800896
2281204993085178
8784312102093501
1183416778665658
6719681699376287
8721468478920598
6722097238147433
5950442419950814
5198063040951476
9483716981771981
9232728783345892
7227530229545015
5171496743562573
6092096466129743
4811047796834457
9316577621974598
3364189093356413
8040927479243841
7425114978523802
2373824957199555
1590832292805116
6720841851155336
1922920731293173
5155282864251216
0560395674679341
6433012340497014
1042525532343070
6230836459132789
5834609659396385
4088340886790408
2869920140785143
5836451158962625
8760038132475719
4122822068224429
2179350698315843
5961282176069490
2782179868984826
1921275713995811
2483578927207495
9303439571525612
0133030407263943
5135173163606074
0316938842615700
6879580933433373
8493922720002221
1913941591142467
0404326215035115
3317486249487540
2464864668464062
4400325044593084
9906352975398786
2698891013393314
2889367087475559
6874323437630490
6479190069370235
8843280546265671
9808309216167429
5821322937664831
7143317444897624
2920070233262456
9150907377913194
0865204630248450
4152336611417888
3297089087463211
2741441576322297
5127229957933486
1997278286073551
4822973837462619
9098189042324017
3385596136605678
1497699041024438
0900558530835089
2887797345239433
6388987109671088
5805201801102443
9044389303491035
5123258294193631
6314385837626327
3665369247198293
8721576849075148
2296684758154678
5501333407848934
0081309831281594
7080538428017765
3963634846187727
1543850987773165
5676468761577247
7379757617717171
6724879496193458
6507647236095942
7403025736220448
0904087576111144
3166423018344810
6805026119521812
8521347006981409
0749205961489904
4378573588229239
9772965432095314
9094700173183685
9146314235790970
3770712258840810
6699368046259028
5229578891380841
1974975066301261
3058247758285227
1909552717534259
9577794038548261
4647088818561041
9531241604354398
7568929707443064
9435498275066704
6821163044268548
5754780340394331
0671684656984571
2157644250456847
9063695691103636
0548293503672818
2670512390290558
2887510106143045
7984022822426291
2016894942960307
1188153234498763
8777166707833961
4358684426692357
5455770703786688
5684751151553179
3072901375736911
3177185467639092
4088826586049731
1207160524564052
0667320908503838
5503881062182534
0351132982602787
9063199746252043
0079147829754774
2151056101172034
2153659652379177
7138545328453505
0815466670275187
5859338843517991
7899686625910877
4013699153025834
3603616494681537
0452109051117812
7499680277748671
7446743380076945
2160848874307261
0700887426484229
5159469236922410
1141283989613393
4818745952911430
3917490712578912
2837757797486867
2436555861478231
3964421053526915
1299693607327228
5249088228411075
7257899914332382
8041812140870827
7441654024342277
9738688468703782
4465068734524041
7838100026431123
3228997361484295
2795751273712417
1600798193367233
8517733754856370
9909359295435476
2550372371631741
4892157515465624
8823693627909633
0110189167916285
0550698982512647
2300257530980993
2140673905716628
4798565464513027
6787631863239107
5950743599910936
0634821026281363
2302174757742923
6187521613296174
2928602589539012
4133414844720057
4015720026261287
3576626883231417
8292681764238587
5654892193380399
4298601036259602
2818096501686378
6537777093113324
1475675959949333
4469044824755965
4313966773087685
6542884078074266
2430882975592871
7600874073584259
8386160097835986
2172195368591927
2112505311634892
1782742854658001
6610123082569558
1548564340105255
6694909540721669
5972557948207693
8135112940755154
3910544858600661
3583065681258929
0185945784423173
1242120494476916
3773953237872980
5829004616549937
7134716328737304
8141839636543781
8406110093221943
0708040433061232
5453637229507744
7990340578298918
9673916589404635
8705775997339831
2138168520000676
2000626643130048
0317269521381136
2747188569065698
3101880678479210
7345790300060402
7356472168230676
3486643764041343
6993073039643302
3199990732259855
6359576295401932
7089054509726309
2069098175821196
6836733549571944
0876045919545729
5979202851021186
1048401983971492
7156274928672532
5656419003443049
0410426227801504
1469608633278520
3423157575377636
5494669032897641
6594821248207019
6630689202152067
4095120838434524
5838270784678746
0961535855718609
6604567844248109
2436417181368198
0872790532942837
9407502335975319
3140634526077178
0487040522516242
8211819452393839
5737091951925054
4980845503548350
5559991712173404
4561949933862485
0377268495188722
1156264625204294
2491327048757172
7685367473710804
2747686907384457
0233578663162620
4840022294241278
1501094752657366
2526771909121144
4522132772048635
9414833079558388
1928897063957928
3032029122725190
4164731870961350
3483862236948348
8973072425412561
2674084371621421
7943575521901096
5926950943299855
4886762338016377
1019456834425267
8723115249461414
0099975398608898
1699455216466987
0378490960564620
7426639605492798
2243380060643904
2775174598790568
5493304253989882
4737845197397961
2592061635729470
3636468166699061
2178549619125832
6132459331372181
3992375152881496
4025210165028786
1644443870162759
7037607948486588
3693938601112243
6494398846157194
6782250219201698
4112229846479360
5677141979867622
7216187074998527
2739443590107195
2167616500480700
8904910346461213
0979913469463013
0682660370390532
1321757101627474
5678016270279595
4759080298934420
0406109248088949
9786888037536025
6032259349963075
6200599712874813
5411075088778786
6633250938230367
7471162380311319
4742744268877634
5844374226573820
5277925900625255
9801850694812744
1829873209402673
2645565494251647
8118757919465747
7609742261570656
0792710994220503
0834088984212024
0868479387615120
1969605899035987
9055785758525993
5939505291911744
5781209230390727
3491147868756833
6915334752405187
4991669166439724
2795384639909426
2096059967565190
2188207837574723
9290773590090173
6364401916964676
9607153270260867
0766166704857690
0251287036897113
5139122168742034
8684503657410089
9241503287404738
2854767177033609
1883337642590398
3363331039491091
7890237318387186
6916112550585312
7308828431942182
7689734683191313
5624173051368215
5301036920936274
9509712215145639
8206310624543854
5853029651769297
9832597135576528
2683010778505080
4407774909128143
1564630629851247
1158853880992821
7481246643091277
5913827939145489
8190711337244615
8181551744223070
0700698718305356
8523726972273461
5644844886837881
4604607185007485
6784288984239699
1449961793175688
2408946460348012
8334604241810760
0605258760762222
9637154729310521
4865752537756860
READY 

